# GIMP colorrc
# 
# This file holds a list of recently used colors.

(color-history
    (color-rgba 0.9647059440612793 0.92549026012420654 0.89019614458084106 1)
    (color-rgba 0.88235300779342651 0.86666673421859741 0.81960791349411011 1)
    (color-rgba 1 1 1 1)
    (color-rgba 0.13725490868091583 0.13725490868091583 0.17254902422428131 1)
    (color-rgba 0.66274511814117432 0.64313727617263794 0.62745100259780884 1)
    (color-rgba 0.76862752437591553 0.82352948188781738 0.92549026012420654 1)
    (color-rgba 0.98823535442352295 0.9960784912109375 0.99215692281723022 1)
    (color-rgba 0.89803928136825562 0.85098046064376831 0.68627452850341797 1)
    (color-rgba 0.012448132780082943 0.012448132780082943 0.012448132780082943 1)
    (color-rgba 1 1 1 4.6663864120431995e-310)
    (color-rgba 0.023529411764705882 0 0.10980392156862745 1)
    (color-rgba 0.019014734774827957 0 0.1061900332570076 1)
    (color-rgba 0.023529411764705882 0 0 1)
    (color-rgba 0.91764705882352937 0.32941176470588235 0.12941176470588237 1)
    (color-rgba 0.97254901960784312 0.97647058823529409 0 1)
    (color-rgba 0.97254901960784312 0.97647058823529409 0 6.9530811095319396e-310)
    (color-rgba 0 0.55882352941176494 1 1)
    (color-rgba 0.10196078431372549 0.10196078431372549 0.10196078431372549 1)
    (color-rgba 0.52549019607843139 0.74509803921568629 0.2627450980392157 1)
    (color-rgba 0 0 0 1)
    (color-rgba 0.28235294117647058 0.72549019607843135 0.7803921568627451 1)
    (color-rgba 1 0 0 1)
    (color-rgba 0.67647058823529438 0 1 1)
    (color-rgba 0.02166064981949456 0.0015991083759358401 0.0015991083759358401 1)
    (color-rgba 0.87058800000000003 0.32549 0.27843099999999998 1)
    (color-rgba 0 0.47058823529411764 1 1)
    (color-rgba 0.17647099999999999 0.78039199999999997 0.99215699999999996 0)
    (color-rgba 0.73725499999999999 0.24313699999999999 0.16470599999999999 1)
    (color-rgba 0.20000000000000001 0.20000000000000001 0.20000000000000001 1)
    (color-rgba 0.129412 0.45882400000000001 0.60784300000000002 1)
    (color-rgba 0.78039199999999997 0.403922 0.40784300000000001 1)
    (color-rgba 1 1 1 1)
    (color-rgba 1 1 1 1))

# end of colorrc
